0 3
0.01 3.03
0.02 3.0603
0.03 3.0909
0.04 3.12181
0.05 3.15303
0.06 3.18456
0.07 3.2164
0.08 3.24856
0.09 3.28104
0.1 3.31385
0.11 3.34697
0.12 3.38043
0.13 3.41422
0.14 3.44834
0.15 3.48279
0.16 3.51759
0.17 3.55272
0.18 3.5882
0.19 3.62402
0.2 3.6602
0.21 3.69672
0.22 3.73359
0.23 3.77082
0.24 3.80841
0.25 3.84635
0.26 3.88466
0.27 3.92333
0.28 3.96237
0.29 4.00177
0.3 4.04155
0.31 4.08169
0.32 4.12221
0.33 4.16311
0.34 4.20438
0.35 4.24603
0.36 4.28806
0.37 4.33047
0.38 4.37327
0.39 4.41646
0.4 4.46003
0.41 4.50399
0.42 4.54834
0.43 4.59308
0.44 4.63822
0.45 4.68375
0.46 4.72967
0.47 4.776
0.48 4.82272
0.49 4.86984
0.5 4.91736
0.51 4.96529
0.52 5.01361
0.53 5.06234
0.54 5.11148
0.55 5.16102
0.56 5.21096
0.57 5.26132
0.58 5.31208
0.59 5.36325
0.6 5.41483
0.61 5.46681
0.62 5.51921
0.63 5.57202
0.64 5.62524
0.65 5.67887
0.66 5.73292
0.67 5.78737
0.68 5.84224
0.69 5.89751
0.7 5.9532
0.71 6.00931
0.72 6.06582
0.73 6.12275
0.74 6.18008
0.75 6.23783
0.76 6.29599
0.77 6.35456
0.78 6.41354
0.79 6.47293
0.8 6.53273
0.81 6.59294
0.82 6.65355
0.83 6.71457
0.84 6.776
0.85 6.83783
0.86 6.90007
0.87 6.96271
0.88 7.02575
0.89 7.0892
0.9 7.15304
0.91 7.21728
0.92 7.28192
0.93 7.34695
0.94 7.41237
0.95 7.47819
0.96 7.5444
0.97 7.611
0.98 7.67798
0.99 7.74535
1 7.8131